V 1
N FB-N01-L::LEVEL
D 2018 09 27 11 05 18.319 0 D
D 2018 09 27 11 10 18.320 0 D
D 2018 09 27 11 15 18.319 0 D
D 2018 09 27 11 20 18.319 0 D
D 2018 09 27 11 25 18.314 0 D
D 2018 09 27 11 30 18.311 0 D
N FB-N01-Q::FLOW
D 2018 09 27 11 05 2.450 0 D
D 2018 09 27 11 10 2.463 0 D
D 2018 09 27 11 15 2.450 0 D
D 2018 09 27 11 20 2.450 0 D
D 2018 09 27 11 25 2.411 0 D
D 2018 09 27 11 30 2.385 0 D
N FB-N02-L::LEVEL
D 2018 09 27 11 05 10.228 0 D
D 2018 09 27 11 10 10.226 0 D
D 2018 09 27 11 15 10.223 0 D
D 2018 09 27 11 20 10.228 0 D
D 2018 09 27 11 25 10.226 0 D
D 2018 09 27 11 30 10.228 0 D
N FB-N02-Q::FLOW
D 2018 09 27 11 05 4.900 0 D
D 2018 09 27 11 10 4.900 0 D
D 2018 09 27 11 15 4.900 0 D
D 2018 09 27 11 20 4.900 0 D
D 2018 09 27 11 25 4.900 0 D
D 2018 09 27 11 30 4.900 0 D
N FB-N02-R::RAIN
D 2018 09 27 11 05 0.0 0 D
D 2018 09 27 11 10 0.0 0 D
D 2018 09 27 11 15 0.0 0 D
D 2018 09 27 11 20 0.0 0 D
D 2018 09 27 11 25 0.0 0 D
D 2018 09 27 11 30 0.0 0 D
N FB-N05-L::LEVEL
D 2018 09 27 11 05 26.908 0 D
D 2018 09 27 11 10 26.909 0 D
D 2018 09 27 11 15 26.909 0 D
D 2018 09 27 11 20 26.908 0 D
D 2018 09 27 11 25 26.908 0 D
D 2018 09 27 11 30 26.908 0 D
N FB-N05-Q::FLOW
D 2018 09 27 11 05 0.045 0 D
D 2018 09 27 11 10 0.045 0 D
D 2018 09 27 11 15 0.045 0 D
D 2018 09 27 11 20 0.045 0 D
D 2018 09 27 11 25 0.045 0 D
D 2018 09 27 11 30 0.045 0 D
N FB-N06-L::LEVEL
D 2018 09 27 11 05 34.240 0 D
D 2018 09 27 11 10 34.235 0 D
D 2018 09 27 11 15 34.235 0 D
D 2018 09 27 11 20 34.236 0 D
D 2018 09 27 11 25 34.234 0 D
D 2018 09 27 11 30 34.236 0 D
N FB-N06-Q::FLOW
D 2018 09 27 11 05 0.004 0 D
D 2018 09 27 11 10 0.002 0 D
D 2018 09 27 11 15 0.002 0 D
D 2018 09 27 11 20 0.002 0 D
D 2018 09 27 11 25 0.002 0 D
D 2018 09 27 11 30 0.002 0 D
N FB-N06-R::RAIN
D 2018 09 27 11 05 0.0 0 D
D 2018 09 27 11 10 0.0 0 D
D 2018 09 27 11 15 0.0 0 D
D 2018 09 27 11 20 0.0 0 D
D 2018 09 27 11 25 0.0 0 D
D 2018 09 27 11 30 0.0 0 D
N FB-N08-L::LEVEL
D 2018 09 27 11 05 38.074 0 D
D 2018 09 27 11 10 38.074 0 D
D 2018 09 27 11 15 38.074 0 D
D 2018 09 27 11 20 38.074 0 D
D 2018 09 27 11 25 38.074 0 D
D 2018 09 27 11 30 38.073 0 D
N FB-N08-Q::FLOW
D 2018 09 27 11 05 0.134 0 D
D 2018 09 27 11 10 0.133 0 D
D 2018 09 27 11 15 0.136 0 D
D 2018 09 27 11 20 --- 4 D
D 2018 09 27 11 25 --- 4 D
D 2018 09 27 11 30 --- 4 D
N FB-N09-L::LEVEL
D 2018 09 27 11 05 41.367 0 D
D 2018 09 27 11 10 41.367 0 D
D 2018 09 27 11 15 41.367 0 D
D 2018 09 27 11 20 41.367 0 D
D 2018 09 27 11 25 41.367 0 D
D 2018 09 27 11 30 41.366 0 D
N FB-N10-L::LEVEL
D 2018 09 27 11 05 23.358 0 D
D 2018 09 27 11 10 23.358 0 D
D 2018 09 27 11 15 23.356 0 D
D 2018 09 27 11 20 23.355 0 D
D 2018 09 27 11 25 23.355 0 D
D 2018 09 27 11 30 23.355 0 D
N FB-N11-L::LEVEL
D 2018 09 27 11 05 41.707 0 D
D 2018 09 27 11 10 41.707 0 D
D 2018 09 27 11 15 41.706 0 D
D 2018 09 27 11 20 41.707 0 D
D 2018 09 27 11 25 41.706 0 D
D 2018 09 27 11 30 41.707 0 D
N FB-N11-Q::FLOW
D 2018 09 27 11 05 0.038 0 D
D 2018 09 27 11 10 0.038 0 D
D 2018 09 27 11 15 0.037 0 D
D 2018 09 27 11 20 0.038 0 D
D 2018 09 27 11 25 0.037 0 D
D 2018 09 27 11 30 0.038 0 D
N FB-N12-L::LEVEL
D 2018 09 27 11 05 18.170 0 D
D 2018 09 27 11 10 18.170 0 D
D 2018 09 27 11 15 18.160 0 D
D 2018 09 27 11 20 18.160 0 D
D 2018 09 27 11 25 18.140 0 D
D 2018 09 27 11 30 18.160 0 D
N FB-N03le-Q::FLOW
D 2018 09 27 11 05 0.051 0 D
D 2018 09 27 11 10 0.050 0 D
D 2018 09 27 11 15 0.054 0 D
D 2018 09 27 11 20 0.049 0 D
D 2018 09 27 11 25 0.052 0 D
D 2018 09 27 11 30 --- 4 D
N FB-N03ri-Q::FLOW
D 2018 09 27 11 05 0.125 0 D
D 2018 09 27 11 10 0.124 0 D
D 2018 09 27 11 15 0.125 0 D
D 2018 09 27 11 20 0.123 0 D
D 2018 09 27 11 25 0.125 0 D
D 2018 09 27 11 30 --- 4 D
N FB-N14-L::LEVEL
D 2018 09 27 11 05 11.068 0 D
D 2018 09 27 11 10 --- 4 D
D 2018 09 27 11 15 --- 4 D
D 2018 09 27 11 20 --- 4 D
D 2018 09 27 11 25 --- 4 D
D 2018 09 27 11 30 --- 4 D
N FB-N15-L::LEVEL
D 2018 09 27 11 05 15.526 0 D
D 2018 09 27 11 10 15.522 0 D
D 2018 09 27 11 15 15.530 0 D
D 2018 09 27 11 20 15.526 0 D
D 2018 09 27 11 25 15.530 0 D
D 2018 09 27 11 30 15.530 0 D
N FB-N16le-L::LEVEL
D 2018 09 27 11 05 13.304 0 D
D 2018 09 27 11 10 13.304 0 D
D 2018 09 27 11 15 13.305 0 D
D 2018 09 27 11 20 --- 4 D
D 2018 09 27 11 25 --- 4 D
D 2018 09 27 11 30 --- 4 D
N FB-N16ri-L::LEVEL
D 2018 09 27 11 05 13.376 0 D
D 2018 09 27 11 10 13.375 0 D
D 2018 09 27 11 15 13.376 0 D
D 2018 09 27 11 20 --- 4 D
D 2018 09 27 11 25 --- 4 D
D 2018 09 27 11 30 --- 4 D
N FB-N17-L::LEVEL
D 2018 09 27 11 05 11.296 0 D
D 2018 09 27 11 10 11.296 0 D
D 2018 09 27 11 15 11.291 0 D
D 2018 09 27 11 20 11.298 0 D
D 2018 09 27 11 25 11.299 0 D
D 2018 09 27 11 30 11.306 0 D
N FB-N17-Q::FLOW
D 2018 09 27 11 05 1.690 0 D
D 2018 09 27 11 10 1.690 0 D
D 2018 09 27 11 15 1.620 0 D
D 2018 09 27 11 20 1.710 0 D
D 2018 09 27 11 25 1.730 0 D
D 2018 09 27 11 30 1.830 0 D
N FB-N19-L::LEVEL
D 2018 09 27 11 05 62.046 0 D
D 2018 09 27 11 10 62.046 0 D
D 2018 09 27 11 15 62.047 0 D
D 2018 09 27 11 20 62.045 0 D
D 2018 09 27 11 25 62.045 0 D
D 2018 09 27 11 30 62.043 0 D
N FB-N19-Q::FLOW
D 2018 09 27 11 05 0.063 0 D
D 2018 09 27 11 10 0.062 0 D
D 2018 09 27 11 15 0.061 0 D
D 2018 09 27 11 20 0.060 0 D
D 2018 09 27 11 25 0.060 0 D
D 2018 09 27 11 30 0.059 0 D
N FB-N20-L::LEVEL
D 2018 09 27 11 05 48.958 0 D
D 2018 09 27 11 10 48.957 0 D
D 2018 09 27 11 15 48.956 0 D
D 2018 09 27 11 20 48.949 0 D
D 2018 09 27 11 25 48.953 0 D
D 2018 09 27 11 30 48.950 0 D
N FB-N20-Q::FLOW
D 2018 09 27 11 05 0.096 0 D
D 2018 09 27 11 10 0.096 0 D
D 2018 09 27 11 15 0.094 0 D
D 2018 09 27 11 20 0.088 0 D
D 2018 09 27 11 25 0.091 0 D
D 2018 09 27 11 30 0.088 0 D
N FB-N23-L::LEVEL
D 2018 09 27 11 05 --- 4 D
D 2018 09 27 11 10 --- 4 D
D 2018 09 27 11 15 --- 4 D
D 2018 09 27 11 20 --- 4 D
D 2018 09 27 11 25 --- 4 D
D 2018 09 27 11 30 --- 4 D
N FB-N25-L::LEVEL
D 2018 09 27 11 05 54.006 0 D
D 2018 09 27 11 10 54.005 0 D
D 2018 09 27 11 15 54.006 0 D
D 2018 09 27 11 20 54.004 0 D
D 2018 09 27 11 25 54.004 0 D
D 2018 09 27 11 30 54.004 0 D
N FB-N25-Q::FLOW
D 2018 09 27 11 05 0.065 0 D
D 2018 09 27 11 10 0.064 0 D
D 2018 09 27 11 15 0.065 0 D
D 2018 09 27 11 20 0.063 0 D
D 2018 09 27 11 25 0.063 0 D
D 2018 09 27 11 30 0.063 0 D
N FB-U08ze-L::LEVEL
D 2018 09 27 11 05 16.768 0 D
D 2018 09 27 11 10 16.768 0 D
D 2018 09 27 11 15 16.772 0 D
D 2018 09 27 11 20 16.770 0 D
D 2018 09 27 11 25 16.770 0 D
D 2018 09 27 11 30 16.773 0 D
N FB-U08ze-Q::FLOW
D 2018 09 27 11 05 4.880 0 D
D 2018 09 27 11 10 4.880 0 D
D 2018 09 27 11 15 4.910 0 D
D 2018 09 27 11 20 4.900 0 D
D 2018 09 27 11 25 4.900 0 D
D 2018 09 27 11 30 4.930 0 D
N FB-C12-R::RAIN
D 2018 09 27 11 05 0.0 0 D
D 2018 09 27 11 10 0.0 0 D
D 2018 09 27 11 15 0.0 0 D
D 2018 09 27 11 20 0.0 0 D
D 2018 09 27 11 25 0.0 0 D
D 2018 09 27 11 30 0.0 0 D
N FB-U24-R::RAIN
D 2018 09 27 11 05 0.0 0 D
D 2018 09 27 11 10 0.0 0 D
D 2018 09 27 11 15 0.0 0 D
D 2018 09 27 11 20 0.0 0 D
D 2018 09 27 11 25 0.0 0 D
D 2018 09 27 11 30 0.0 0 D
N FB-P02-R::RAIN
D 2018 09 27 11 05 0.0 0 D
D 2018 09 27 11 10 0.0 0 D
D 2018 09 27 11 15 0.0 0 D
D 2018 09 27 11 20 0.0 0 D
D 2018 09 27 11 25 0.0 0 D
D 2018 09 27 11 30 0.0 0 D
N FB-C04-R::RAIN
D 2018 09 27 11 05 0.0 0 D
D 2018 09 27 11 10 0.0 0 D
D 2018 09 27 11 15 0.0 0 D
D 2018 09 27 11 20 0.0 0 D
D 2018 09 27 11 25 0.0 0 D
D 2018 09 27 11 30 0.0 0 D
N FB-N08-R::RAIN
D 2018 09 27 11 05 0.0 0 D
D 2018 09 27 11 10 0.0 0 D
D 2018 09 27 11 15 0.0 0 D
D 2018 09 27 11 20 0.0 0 D
D 2018 09 27 11 25 0.0 0 D
D 2018 09 27 11 30 0.0 0 D
N FB-N03-R::RAIN
D 2018 09 27 11 05 0.0 0 D
D 2018 09 27 11 10 0.0 0 D
D 2018 09 27 11 15 0.0 0 D
D 2018 09 27 11 20 0.0 0 D
D 2018 09 27 11 25 0.0 0 D
D 2018 09 27 11 30 0.0 0 D
N FB-P08-R::RAIN
D 2018 09 27 11 05 0.0 0 D
D 2018 09 27 11 10 0.0 0 D
D 2018 09 27 11 15 0.0 0 D
D 2018 09 27 11 20 0.0 0 D
D 2018 09 27 11 25 0.0 0 D
D 2018 09 27 11 30 0.0 0 D
N FB-P09-R::RAIN
D 2018 09 27 11 05 0.0 0 D
D 2018 09 27 11 10 0.0 0 D
D 2018 09 27 11 15 0.0 0 D
D 2018 09 27 11 20 0.0 0 D
D 2018 09 27 11 25 0.0 0 D
D 2018 09 27 11 30 0.0 0 D
N FB-P10-R::RAIN
D 2018 09 27 11 05 0.0 0 D
D 2018 09 27 11 10 0.0 0 D
D 2018 09 27 11 15 0.0 0 D
D 2018 09 27 11 20 0.0 0 D
D 2018 09 27 11 25 0.0 0 D
D 2018 09 27 11 30 0.0 0 D
N FB-P11-R::RAIN
D 2018 09 27 11 05 0.0 0 D
D 2018 09 27 11 10 0.0 0 D
D 2018 09 27 11 15 0.0 0 D
D 2018 09 27 11 20 0.0 0 D
D 2018 09 27 11 25 0.0 0 D
D 2018 09 27 11 30 --- 4 D
N FB-P12-R::RAIN
D 2018 09 27 11 05 0.0 0 D
D 2018 09 27 11 10 0.0 0 D
D 2018 09 27 11 15 0.0 0 D
D 2018 09 27 11 20 0.0 0 D
D 2018 09 27 11 25 0.0 0 D
D 2018 09 27 11 30 0.0 0 D
N FB-P13-R::RAIN
D 2018 09 27 11 05 0.0 0 D
D 2018 09 27 11 10 0.0 0 D
D 2018 09 27 11 15 0.0 0 D
D 2018 09 27 11 20 0.0 0 D
D 2018 09 27 11 25 0.0 0 D
D 2018 09 27 11 30 0.0 0 D
N FB-P15-R::RAIN
D 2018 09 27 11 05 0.0 0 D
D 2018 09 27 11 10 0.0 0 D
D 2018 09 27 11 15 0.0 0 D
D 2018 09 27 11 20 0.0 0 D
D 2018 09 27 11 25 0.0 0 D
D 2018 09 27 11 30 0.0 0 D
N FB-P16-R::RAIN
D 2018 09 27 11 05 0.0 0 D
D 2018 09 27 11 10 0.0 0 D
D 2018 09 27 11 15 0.0 0 D
D 2018 09 27 11 20 0.0 0 D
D 2018 09 27 11 25 0.0 0 D
D 2018 09 27 11 30 0.0 0 D
N FB-S01-L::LEVEL
D 2018 09 27 11 05 16.114 0 D
D 2018 09 27 11 10 16.127 0 D
D 2018 09 27 11 15 16.134 0 D
D 2018 09 27 11 20 16.114 0 D
D 2018 09 27 11 25 16.120 0 D
D 2018 09 27 11 30 16.121 0 D
N FB-S01ov-L::LEVEL
D 2018 09 27 11 05 17.486 0 D
D 2018 09 27 11 10 17.488 0 D
D 2018 09 27 11 15 17.488 0 D
D 2018 09 27 11 20 17.488 0 D
D 2018 09 27 11 25 17.488 0 D
D 2018 09 27 11 30 17.489 0 D
N FB-U06-L::LEVEL
D 2018 09 27 11 05 12.936 0 D
D 2018 09 27 11 10 12.939 0 D
D 2018 09 27 11 15 12.939 0 D
D 2018 09 27 11 20 12.939 0 D
D 2018 09 27 11 25 12.936 0 D
D 2018 09 27 11 30 12.939 0 D
N FB-U06ov-L::LEVEL
D 2018 09 27 11 05 15.491 0 D
D 2018 09 27 11 10 15.491 0 D
D 2018 09 27 11 15 15.492 0 D
D 2018 09 27 11 20 15.488 0 D
D 2018 09 27 11 25 15.491 0 D
D 2018 09 27 11 30 15.491 0 D
N FB-U08ds-L::LEVEL
D 2018 09 27 11 05 16.542 0 D
D 2018 09 27 11 10 16.535 0 D
D 2018 09 27 11 15 16.529 0 D
D 2018 09 27 11 20 16.537 0 D
D 2018 09 27 11 25 16.535 0 D
D 2018 09 27 11 30 16.544 0 D
N FB-U08us-L::LEVEL
D 2018 09 27 11 05 16.966 0 D
D 2018 09 27 11 10 16.957 0 D
D 2018 09 27 11 15 16.961 0 D
D 2018 09 27 11 20 16.959 0 D
D 2018 09 27 11 25 16.961 0 D
D 2018 09 27 11 30 16.963 0 D
N FB-U11ov-L::LEVEL
D 2018 09 27 11 05 20.098 0 D
D 2018 09 27 11 10 20.106 0 D
D 2018 09 27 11 15 20.106 0 D
D 2018 09 27 11 20 20.102 0 D
D 2018 09 27 11 25 20.106 0 D
D 2018 09 27 11 30 20.108 0 D
N FB-U12-L::LEVEL
D 2018 09 27 11 05 21.938 0 D
D 2018 09 27 11 10 21.940 0 D
D 2018 09 27 11 15 21.939 0 D
D 2018 09 27 11 20 21.937 0 D
D 2018 09 27 11 25 21.937 0 D
D 2018 09 27 11 30 21.939 0 D
N FB-U12-Q::FLOW
D 2018 09 27 11 05 0.158 0 D
D 2018 09 27 11 10 0.167 0 D
D 2018 09 27 11 15 0.162 0 D
D 2018 09 27 11 20 0.154 0 D
D 2018 09 27 11 25 0.154 0 D
D 2018 09 27 11 30 0.162 0 D
N FB-U12ov-Q::FLOW
D 2018 09 27 11 05 0.000 0 D
D 2018 09 27 11 10 0.000 0 D
D 2018 09 27 11 15 0.000 0 D
D 2018 09 27 11 20 0.000 0 D
D 2018 09 27 11 25 0.000 0 D
D 2018 09 27 11 30 0.000 0 D
N FB-U15-L::LEVEL
D 2018 09 27 11 05 --- 4 D
D 2018 09 27 11 10 --- 4 D
D 2018 09 27 11 15 --- 4 D
D 2018 09 27 11 20 --- 4 D
D 2018 09 27 11 25 --- 4 D
D 2018 09 27 11 30 --- 4 D
N FB-U15ov-Q::FLOW
D 2018 09 27 11 05 0.000 0 D
D 2018 09 27 11 10 0.000 0 D
D 2018 09 27 11 15 0.000 0 D
D 2018 09 27 11 20 0.000 0 D
D 2018 09 27 11 25 0.000 0 D
D 2018 09 27 11 30 0.000 0 D
N FB-U16us-L::LEVEL
D 2018 09 27 11 05 13.545 0 D
D 2018 09 27 11 10 13.547 0 D
D 2018 09 27 11 15 13.548 0 D
D 2018 09 27 11 20 13.550 0 D
D 2018 09 27 11 25 13.548 0 D
D 2018 09 27 11 30 13.549 0 D
N FB-U16ds-L::LEVEL
D 2018 09 27 11 05 11.694 0 D
D 2018 09 27 11 10 11.694 0 D
D 2018 09 27 11 15 11.693 0 D
D 2018 09 27 11 20 11.694 0 D
D 2018 09 27 11 25 11.694 0 D
D 2018 09 27 11 30 11.694 0 D
N FB-U17-Q::FLOW
D 2018 09 27 11 05 0.127 0 D
D 2018 09 27 11 10 0.125 0 D
D 2018 09 27 11 15 0.127 0 D
D 2018 09 27 11 20 0.124 0 D
D 2018 09 27 11 25 0.125 0 D
D 2018 09 27 11 30 0.124 0 D
N FB-U18-L::LEVEL
D 2018 09 27 11 05 13.639 0 D
D 2018 09 27 11 10 13.640 0 D
D 2018 09 27 11 15 13.636 0 D
D 2018 09 27 11 20 13.636 0 D
D 2018 09 27 11 25 13.639 0 D
D 2018 09 27 11 30 13.636 0 D
N FB-U19-L::LEVEL
D 2018 09 27 11 05 13.354 0 D
D 2018 09 27 11 10 13.363 0 D
D 2018 09 27 11 15 13.367 0 D
D 2018 09 27 11 20 13.364 0 D
D 2018 09 27 11 25 13.359 0 D
D 2018 09 27 11 30 13.356 0 D
N FB-U19-Q::FLOW
D 2018 09 27 11 05 0.471 0 D
D 2018 09 27 11 10 0.496 0 D
D 2018 09 27 11 15 0.506 0 D
D 2018 09 27 11 20 0.498 0 D
D 2018 09 27 11 25 0.485 0 D
D 2018 09 27 11 30 0.477 0 D
N FB-U19ov-L::LEVEL
D 2018 09 27 11 05 --- 4 D
D 2018 09 27 11 10 --- 4 D
D 2018 09 27 11 15 --- 4 D
D 2018 09 27 11 20 --- 4 D
D 2018 09 27 11 25 --- 4 D
D 2018 09 27 11 30 --- 4 D
N FB-U19ov-Q::FLOW
D 2018 09 27 11 05 --- 4 D
D 2018 09 27 11 10 --- 4 D
D 2018 09 27 11 15 --- 4 D
D 2018 09 27 11 20 --- 4 D
D 2018 09 27 11 25 --- 4 D
D 2018 09 27 11 30 --- 4 D
N FB-U24ds-L::LEVEL
D 2018 09 27 11 05 11.766 0 D
D 2018 09 27 11 10 11.765 0 D
D 2018 09 27 11 15 11.769 0 D
D 2018 09 27 11 20 11.765 0 D
D 2018 09 27 11 25 11.770 0 D
D 2018 09 27 11 30 11.770 0 D
N FB-U24ds-Q::FLOW
D 2018 09 27 11 05 1.801 0 D
D 2018 09 27 11 10 1.780 0 D
D 2018 09 27 11 15 --- 4 D
D 2018 09 27 11 20 --- 4 D
D 2018 09 27 11 25 --- 4 D
D 2018 09 27 11 30 --- 4 D
N FB-U24ov-L::LEVEL
D 2018 09 27 11 05 11.208 0 D
D 2018 09 27 11 10 11.208 0 D
D 2018 09 27 11 15 --- 4 D
D 2018 09 27 11 20 --- 4 D
D 2018 09 27 11 25 --- 4 D
D 2018 09 27 11 30 --- 4 D
N FB-U24ov-Q::FLOW
D 2018 09 27 11 05 0.000 0 D
D 2018 09 27 11 10 0.000 0 D
D 2018 09 27 11 15 --- 4 D
D 2018 09 27 11 20 --- 4 D
D 2018 09 27 11 25 --- 4 D
D 2018 09 27 11 30 --- 4 D
N FB-U24us-L::LEVEL
D 2018 09 27 11 05 11.995 0 D
D 2018 09 27 11 10 11.996 0 D
D 2018 09 27 11 15 11.997 0 D
D 2018 09 27 11 20 11.996 0 D
D 2018 09 27 11 25 11.997 0 D
D 2018 09 27 11 30 11.999 0 D
N FB-U27-L::LEVEL
D 2018 09 27 11 05 --- 4 D
D 2018 09 27 11 10 --- 4 D
D 2018 09 27 11 15 --- 4 D
D 2018 09 27 11 20 --- 4 D
D 2018 09 27 11 25 --- 4 D
D 2018 09 27 11 30 --- 4 D
N FB-U27ov-L::LEVEL
D 2018 09 27 11 05 --- 4 D
D 2018 09 27 11 10 --- 4 D
D 2018 09 27 11 15 --- 4 D
D 2018 09 27 11 20 --- 4 D
D 2018 09 27 11 25 --- 4 D
D 2018 09 27 11 30 --- 4 D
N FB-Q01-Od::DISSOLVED_O2
D 2018 09 27 11 05 4.800 0 D
D 2018 09 27 11 10 4.900 0 D
D 2018 09 27 11 15 4.900 0 D
D 2018 09 27 11 20 4.900 0 D
D 2018 09 27 11 25 4.900 0 D
D 2018 09 27 11 30 4.900 0 D
N FB-Q01-Tu::CONS_POL
D 2018 09 27 11 05 9.900 0 D
D 2018 09 27 11 10 9.400 0 D
D 2018 09 27 11 15 9.400 0 D
D 2018 09 27 11 20 9.800 0 D
D 2018 09 27 11 25 9.200 0 D
D 2018 09 27 11 30 9.300 0 D
N FB-Q02-Od::DISSOLVED_O2
D 2018 09 27 11 05 2.900 0 D
D 2018 09 27 11 10 3.500 0 D
D 2018 09 27 11 15 2.300 0 D
D 2018 09 27 11 20 2.600 0 D
D 2018 09 27 11 25 2.600 0 D
D 2018 09 27 11 30 2.400 0 D
N FB-Q02-Tu::CONS_POL
D 2018 09 27 11 05 -7.000 0 D
D 2018 09 27 11 10 -6.800 0 D
D 2018 09 27 11 15 -6.600 0 D
D 2018 09 27 11 20 -7.300 0 D
D 2018 09 27 11 25 -7.000 0 D
D 2018 09 27 11 30 -7.600 0 D
N FB-N24-L::LEVEL
D 2018 09 27 11 05 18.785 0 D
D 2018 09 27 11 10 18.786 0 D
D 2018 09 27 11 15 18.788 0 D
D 2018 09 27 11 20 18.788 0 D
D 2018 09 27 11 25 18.789 0 D
D 2018 09 27 11 30 18.788 0 D
N FB-U06ov-Q::FLOW
D 2018 09 27 11 05 0.000 0 D
D 2018 09 27 11 10 0.000 0 D
D 2018 09 27 11 15 0.000 0 D
D 2018 09 27 11 20 0.000 0 D
D 2018 09 27 11 25 0.000 0 D
D 2018 09 27 11 30 0.000 0 D
N FB-U12ov-L::LEVEL
D 2018 09 27 11 05 21.762 0 D
D 2018 09 27 11 10 21.762 0 D
D 2018 09 27 11 15 21.762 0 D
D 2018 09 27 11 20 21.762 0 D
D 2018 09 27 11 25 21.762 0 D
D 2018 09 27 11 30 21.762 0 D
N FB-N03us-L::LEVEL
D 2018 09 27 11 05 22.125 0 D
D 2018 09 27 11 10 22.037 0 D
D 2018 09 27 11 15 22.078 0 D
D 2018 09 27 11 20 22.063 0 D
D 2018 09 27 11 25 22.078 0 D
D 2018 09 27 11 30 22.048 0 D
N FB-N03ds-L::LEVEL
D 2018 09 27 11 05 18.282 0 D
D 2018 09 27 11 10 18.282 0 D
D 2018 09 27 11 15 18.276 0 D
D 2018 09 27 11 20 18.277 0 D
D 2018 09 27 11 25 18.270 0 D
D 2018 09 27 11 30 18.281 0 D
N FB-N03in-L::LEVEL
D 2018 09 27 11 05 19.901 0 D
D 2018 09 27 11 10 19.908 0 D
D 2018 09 27 11 15 19.861 0 D
D 2018 09 27 11 20 19.946 0 D
D 2018 09 27 11 25 21.759 0 D
D 2018 09 27 11 30 22.428 0 D
N FB-N04us-L::LEVEL
D 2018 09 27 11 05 18.125 0 D
D 2018 09 27 11 10 17.938 0 D
D 2018 09 27 11 15 17.958 0 D
D 2018 09 27 11 20 18.083 0 D
D 2018 09 27 11 25 18.046 0 D
D 2018 09 27 11 30 18.081 0 D
N FB-N04ds-L::LEVEL
D 2018 09 27 11 05 13.091 0 D
D 2018 09 27 11 10 13.015 0 D
D 2018 09 27 11 15 13.036 0 D
D 2018 09 27 11 20 13.121 0 D
D 2018 09 27 11 25 13.218 0 D
D 2018 09 27 11 30 13.391 0 D
N FB-N04in-L::LEVEL
D 2018 09 27 11 05 --- 4 D
D 2018 09 27 11 10 --- 4 D
D 2018 09 27 11 15 --- 4 D
D 2018 09 27 11 20 --- 4 D
D 2018 09 27 11 25 --- 4 D
D 2018 09 27 11 30 --- 4 D
V 1
